553
9999 14
25732 69352 59558 8003 47804 27423 46079 36075 76523 19634 5307 131 52506 47547 
4871 20
72701 66996 17164 98377 18945 83073 50357 17652 68337 58146 55914 11543 10014 2030 42134 52743 29616 79041 12492 920 
4705 17
27498 46654 58350 28939 15961 29112 66365 95102 24661 33664 26982 71928 92431 51664 19051 9691 37941 
8738 17
41936 36519 10840 47390 69069 485 88550 33701 92795 2052 89237 42857 46844 1081 68221 34438 20614 
6897 19
37550 54084 73295 16476 75602 48793 6564 43423 14925 54263 87937 3932 10856 14860 71074 28038 83304 95402 56907 
9829 19
70861 51779 47315 11205 1070 67231 32779 97558 47730 21391 3990 20136 75869 77453 64120 88487 86822 83501 56041 
8917 14
6604 39083 60134 22365 61097 40941 14901 10177 65614 18745 38007 42526 3456 32911 
8696 20
65791 5076 42488 66416 94634 82577 2284 78115 82092 77630 24855 38304 3876 89554 87902 17085 86267 44776 35619 45104 
7327 17
56397 23059 69788 89861 7209 85856 72011 5377 62968 80916 50738 66385 91892 2444 10089 91198 97546 
5724 19
64761 19536 93722 9003 91251 4331 53478 89956 13122 16663 3319 12844 43701 8025 21401 24578 72830 63547 83428 
7281 18
26693 92440 3009 74003 15340 27077 87511 88047 64213 39968 12771 20628 33026 8971 83800 53518 35664 4425 
1949 20
1416 41367 46254 29512 21318 75188 77607 99686 99572 96757 7767 2883 5658 63589 52845 98832 71256 82966 18968 24096 
5134 15
62796 10421 97582 79664 98153 6727 41570 68890 73307 77120 78271 41345 97031 93992 91032 
1634 15
42058 57740 774 48779 24468 87092 15323 34392 18305 69902 90605 36241 2981 5282 75776 
9092 14
14305 61446 50047 4727 83350 43902 33002 59636 14736 52279 39395 56179 70866 27133 
1161 11
6615 47289 35684 83258 45754 50715 31630 57095 17614 24904 41509 
661 20
66405 5110 9112 86001 15973 44823 41272 55860 31489 49350 26557 15297 50977 25973 77606 46618 83190 32402 87312 48941 
1023 15
30515 43370 99039 83452 55186 61112 89160 97587 27354 97098 10828 85591 94739 51587 9084 
177 18
722 45612 56541 86060 41033 63728 58838 859 38787 24856 58466 68856 32108 79625 35086 74013 95196 56212 
198 13
38878 64023 86139 37953 40934 42091 9872 46140 19029 11316 3333 79943 36870 
7491 18
69142 8221 48935 43424 6316 39338 25513 75423 70505 89044 21049 67568 39743 29611 14389 24104 60681 32661 
18 14
74125 74997 29586 69057 73308 55842 56601 52255 64396 80302 98878 35169 75224 52395 
3938 12
12180 37595 59885 16110 70893 38662 92820 20791 68684 43547 75092 83826 
7989 15
4181 33147 95793 92114 86559 39418 46347 25304 34694 12877 46874 31099 6800 80808 22925 
7819 20
58040 85469 37514 1367 86604 32704 39170 53006 60221 20549 21414 86747 8183 58796 89224 42215 88097 45905 71839 47416 
2380 12
75099 96137 6118 83028 11550 90457 65802 12664 37395 29106 42369 11146 
3679 17
64846 73820 23169 8895 39446 20209 54193 91484 15648 49586 32628 33897 73279 77953 53944 30290 43919 
4460 17
96436 8319 25169 98425 21702 69675 12804 42973 35789 54694 36327 95798 51201 43208 56836 82131 76084 
6063 20
50947 9218 91877 5828 28199 66962 36058 51504 48962 85987 1266 79788 96428 41516 95598 9552 78200 67848 67622 54575 
5023 19
44869 87136 90649 5825 50887 73933 82184 31201 72850 13803 85676 54788 8667 32205 66078 75447 42712 57179 71227 
2415 15
46548 86608 45738 36089 53402 42484 17962 80257 4557 83554 27490 94287 95638 74055 17257 
9566 10
41865 3302 85657 60741 44518 76358 48216 65721 57624 52477 
7709 19
17174 37972 80735 70512 88615 53259 67654 91415 56021 23021 78733 6194 58854 69407 9816 71892 28069 99195 24499 
5348 19
44219 9820 70428 92159 75228 42335 6144 44592 63951 60666 30371 16521 43951 27669 37958 21795 22038 30289 2519 
4074 20
87114 31062 99133 71391 87243 40629 39999 95431 87003 47160 15039 7282 33235 66165 92803 95481 60749 75565 22232 2184 
1356 20
13975 74656 7850 57786 63860 66975 70779 98328 1718 74453 61543 56979 40507 89796 77787 73445 49706 15920 52190 83283 
1004 12
70011 99535 77426 40950 71759 19231 24346 62479 71234 2399 87426 7509 
6241 18
88617 86442 31889 98014 66639 13562 61451 12416 48146 66575 40351 74814 21600 54471 25240 42960 36531 40462 
2737 19
78758 87118 25708 3325 9560 31512 33748 80130 46156 3905 40330 43703 89450 77444 64827 78710 13839 35484 1780 
752 17
91548 43031 26416 81483 94303 39254 72792 31700 70551 61302 93744 18064 55619 16350 28446 12133 30917 
555 17
47424 52560 52206 26049 13054 83947 81758 11256 35007 67932 29929 29340 22635 37310 57518 79265 28172 
4059 10
36425 86716 50230 23918 3166 19054 12229 88056 62569 95569 
2044 20
84863 63723 73699 2766 34336 90947 59429 69976 7230 79761 92294 64546 63471 25945 89068 27066 71861 69029 39554 29958 
5707 18
10591 49598 69918 52522 29307 1421 88993 24447 45800 82908 46879 76052 64178 73003 85162 94206 77110 55450 
587 12
9451 89899 80208 79343 5159 56129 53810 43069 55872 73207 95174 14665 
4924 18
6532 66797 71417 33792 59889 99110 66609 44115 21951 44645 66749 13354 87012 56151 48782 93078 59614 92541 
7368 10
67270 18208 11093 10925 15296 40763 91433 14375 83691 56298 
3953 18
8169 19290 28280 80813 15550 38261 64680 64015 95955 32155 11603 95826 88667 54495 51407 66720 78057 5704 
7511 14
77109 71537 86698 8434 56141 60278 59683 76480 75046 61640 33910 7833 31358 16503 
8226 18
1636 42020 32778 62583 64000 89734 23282 67199 39729 94548 91670 32452 80110 1389 39877 63151 97687 55921 
627 20
38799 52170 75802 47618 17668 18989 60962 60226 92874 61874 46427 13907 76493 20137 39432 94802 41993 49106 6016 74570 
2652 17
22805 76209 31093 44178 91425 81516 63606 89908 67212 46407 15734 65834 65701 65446 9734 48851 63502 
1045 20
49560 38313 39892 29992 91949 56316 87873 43439 44114 20566 54028 41485 21886 90560 63622 77344 95978 20595 17105 25087 
2882 12
65860 130 83698 7897 54090 24478 48828 34255 78934 34082 16292 6626 
7984 19
56008 60574 59248 98660 83098 96995 97991 88120 78896 55615 40900 91557 57279 38861 7690 6981 57104 27980 44930 
6253 19
96307 1822 51496 98882 56995 9713 25956 83025 43797 51490 81202 71436 34810 77863 98355 66108 10342 43682 51545 
6441 16
72742 25434 34475 74361 88836 85948 9868 68267 48752 32392 2647 5683 89384 30909 78139 69323 
5804 17
34521 30618 5917 62289 8102 62136 48473 22763 8105 41712 68128 4467 51893 91571 90819 94485 99751 
3428 20
61709 39161 63123 87468 94797 25787 53296 56796 71379 49358 97430 49856 88298 44929 36727 51354 69864 28439 47401 612 
5020 12
11335 70976 34753 71679 97385 23908 84053 24078 28296 61717 56306 72364 
7175 12
55577 14897 4082 68888 96386 17709 28230 23413 39305 28784 75263 66907 
6871 20
13601 39044 21581 66013 59246 74736 16615 74615 80127 36149 75548 42836 59306 12282 67662 31515 87851 47629 599 40071 
1653 18
85842 98634 13447 32573 28621 53375 28629 28095 93600 91818 94978 96842 29400 57035 23427 94606 38343 37098 
2541 18
5197 14967 59039 19302 29965 43459 98796 54239 12038 41831 32094 12444 73929 57554 25662 79040 96147 23352 
7104 18
26014 71194 72320 61556 13281 31313 80549 50761 2984 54403 87687 11303 14464 52594 92978 86511 88759 6640 
6550 19
16395 57527 85050 57286 80912 33058 12759 63103 93066 7958 97857 11530 65313 49892 31067 35700 10051 97138 94970 
2939 19
43139 82135 11719 45175 38351 20079 21792 58811 92297 94255 86735 44832 49061 48044 34818 60020 71221 83578 15294 
3548 11
62046 72581 69461 49240 15037 18494 98495 43615 85798 7620 40089 
479 13
15992 98692 4191 95716 9176 77731 70053 95650 90023 15780 13011 31568 65438 
1351 11
36129 2942 59813 91501 19843 28930 36187 31055 47154 21165 89302 
4592 16
128 99838 22769 71248 73461 62166 32609 66520 56565 7033 94241 67041 2737 22756 50130 11984 
4386 20
50686 2757 70149 51286 41057 41768 1441 58984 20278 53983 74910 8144 51559 55159 25605 27770 63486 81146 76411 55589 
7305 11
80227 16103 95997 41276 71052 31000 27769 569 17735 89141 23444 
561 17
58923 25871 51720 51002 72772 81332 85188 99897 8987 97800 8806 97761 62468 74585 53763 95256 96955 
5390 20
41258 6763 41223 75021 32506 83944 61675 65140 5053 80485 9937 37734 98409 76674 96555 46059 91957 41659 26973 1629 
3854 19
34562 27739 28622 28893 32246 92790 20817 94929 76913 23882 84046 23466 80787 36681 6534 55034 45850 69562 2245 
5857 16
32808 76320 25390 58643 65193 44471 86694 67607 7444 99699 94779 85184 72811 22716 6504 40680 
2942 15
5417 54930 62440 6497 86813 25245 82493 23015 39100 19722 69898 90045 73004 81564 98932 
8449 14
18333 150 88496 6551 79160 63841 1067 39740 8130 80146 28274 45138 20646 14558 
5555 16
88406 3773 21604 53231 43089 52666 44824 77368 72557 40617 48511 15588 5128 26780 41617 43114 
7193 18
53826 39397 28134 82055 84847 81187 87526 59466 21857 85721 71752 69289 92266 45085 69087 59092 57697 88975 
5523 19
18711 31675 95018 17531 64293 31078 67081 65454 48363 44354 40020 36834 80571 33580 89131 20012 37009 82572 74547 
7630 15
47513 7311 20506 79061 1471 92006 60555 64382 86198 82939 58172 23548 70287 37838 2334 
650 14
78383 33694 61008 44740 18275 60100 68345 50898 78483 59551 68353 26135 4701 88226 
8124 19
93906 69653 42355 9262 74777 20796 77569 64953 47515 96909 63901 73964 16017 43674 91445 60124 17381 92010 24203 
7841 19
92195 40280 72893 32406 17413 34294 48987 73346 38953 29602 29245 91832 59880 24318 18316 47100 13603 51679 53855 
2017 17
14595 8443 59125 57327 67785 62087 23740 17264 3036 29367 76967 75426 74179 97604 94563 5622 20243 
4138 19
6958 57000 59332 67693 37046 96595 34073 45495 41421 16048 57207 97831 55497 68663 74424 17444 92204 45568 7028 
6342 19
15146 55491 82294 92418 9810 69395 66637 54197 7859 32670 72245 21926 17891 78035 14438 56610 83420 40639 92024 
3612 10
25134 60652 15834 26970 22854 16598 94125 74097 75570 12164 
349 20
34171 99807 73350 59352 39545 93253 97265 18167 87536 20469 71808 56492 45706 10212 55168 49971 92378 17897 64201 83215 
2346 11
2355 90132 33916 75265 5214 23022 62638 38852 22001 3616 90784 
820 19
66360 44370 86250 44633 9376 26664 82097 88971 27479 97361 54419 20672 8452 60338 30251 83119 81969 52153 17999 
4758 20
84347 99010 23928 24709 33654 92408 37923 2051 54287 47525 91216 74497 2686 71749 63986 94218 4552 26076 61417 41803 
3483 19
1098 69536 38455 88637 91934 18848 30642 37523 94004 87024 909 94901 72828 51336 82304 87119 11010 42098 90279 
4112 17
13957 46917 68058 8967 8516 20577 72854 95395 88453 30218 67144 49884 7423 35584 65305 27645 572 
2312 16
52696 94581 96364 57537 49408 13730 71048 85350 36522 28085 68329 59775 81542 98469 91794 13823 
8490 14
11887 1738 5462 74268 6575 82276 6067 52199 75442 50163 72199 70466 48919 12447 
6976 20
33516 64849 60936 80822 26150 34239 66507 32712 74902 89120 69510 97119 92699 56081 2163 11231 92586 97336 89056 81336 
806 13
82846 2074 25022 59283 77280 43249 93536 91541 81762 43442 61355 71891 68168 
2904 10
91335 42921 94923 31835 43181 54135 60058 27446 55723 19713 
9447 20
63821 14339 38150 83518 20351 42871 61857 98621 90735 33653 76725 34612 38320 89681 410 76262 673 38593 70663 38493 
5345 19
56301 30131 13629 90912 95436 36536 31374 17624 11138 62392 72349 24450 98257 32964 15602 94530 97852 89116 860 
1659 14
43695 35568 76475 55938 42808 17025 56181 50300 19804 60276 66551 75181 53843 6279 
7179 18
41291 59713 64217 22705 95940 47013 53577 45570 37668 22200 38619 35544 41750 46987 68807 2258 36250 58721 
6338 18
87956 3993 85867 97460 45550 28228 73241 68607 50679 84191 24605 14542 90076 95615 87196 60792 12190 99700 
6997 16
66150 15852 72751 87233 789 28159 87668 17992 15745 29304 40161 19589 5905 78792 98688 89931 
3981 14
28564 51948 4900 29157 8408 24824 53195 16378 21890 11556 15513 29189 47001 34633 
1617 15
70432 47934 91056 19774 26184 91605 29606 90550 2333 28758 3912 29324 59984 93865 77589 
8887 18
6956 87881 50060 19482 26988 69321 63045 73556 80223 67211 45450 74971 41297 42539 96383 89506 12560 19827 
9423 13
12736 23440 36838 73513 29518 5340 54992 87100 90895 49658 45286 36085 22882 
7344 17
65945 81481 36586 46076 48724 91488 3380 61206 10626 26817 22816 77088 8712 12714 90169 66432 77416 
7839 19
67734 99997 25682 13704 4628 66130 33645 25222 16484 26812 94038 74508 60653 99122 33866 24635 56161 80364 53652 
9985 19
71651 31641 44342 27065 94829 13262 57997 39791 43277 81469 46976 95315 4521 35989 81477 352 18118 86708 5474 
1642 12
80174 32091 33251 90029 60189 44640 3529 40340 39035 27676 28992 60376 
2276 15
22235 43859 59168 50057 80809 83080 75298 28198 60061 39529 53887 40974 49600 88880 16594 
3091 15
57247 86977 37800 50612 11278 30466 64373 29249 8607 78266 33875 33403 90370 24479 5660 
115 10
60419 5443 55235 50746 99249 44635 96238 15264 58775 76397 
9847 20
85170 37905 86436 31148 42249 34886 51583 90236 67470 83562 98774 81346 11764 96190 76930 25360 83320 49572 53569 40102 
3944 11
24737 45395 340 20268 71849 72868 31687 64848 39648 21773 31866 
2440 12
95859 44569 38466 51054 273 48961 52280 29022 95621 17250 32503 36019 
4709 15
99818 17018 32335 83375 56521 22896 21958 23260 99015 5092 2618 95146 48454 2950 47659 
3025 16
14804 62511 33754 2813 25569 12837 78581 13068 10714 75910 39219 78860 23992 16177 795 89152 
2732 14
32601 16158 30026 45352 12612 61549 55683 58308 48868 17453 60437 34513 96872 98643 
6953 16
46501 52169 84887 66523 29728 46259 67642 6931 54548 45821 2391 13413 40597 71259 44169 4460 
2819 16
43189 43177 66875 37410 30728 11173 75810 70051 49564 84230 84131 3543 94870 73219 37738 53398 
2143 12
21501 98833 86761 28330 21511 87144 79592 67372 17145 34395 18889 15678 
462 16
45164 73681 76817 84319 29109 72407 31505 82077 12322 96865 36722 92412 36094 65678 88288 11995 
8628 15
34688 15373 63623 70325 25297 72673 44180 78777 47784 19720 31738 90841 58598 10086 92518 
794 10
64596 9991 14396 19740 81411 94453 19564 26937 19230 74291 
4893 12
29853 4774 37160 96674 45773 77511 56984 93129 30105 30989 75560 28005 
4319 12
7365 31577 28815 5288 67521 61789 83203 49885 24612 64662 88250 92950 
9918 10
31825 49584 79933 61821 83949 14457 27484 47523 71772 63551 
9100 16
28665 6610 48829 24333 14179 26345 58793 59863 53450 11852 1905 72373 41747 67500 79050 40503 
2548 19
52917 27691 79523 4499 84796 94111 75343 74100 45656 55805 86674 47803 33891 13294 32195 28728 57484 86711 32726 
6185 19
49168 92901 4259 53631 47875 50605 81670 1550 75533 80553 39140 13777 85140 94908 88182 26521 10957 64503 43886 
5569 13
49204 54440 1429 83966 17805 9565 3796 42224 62797 59384 84254 34230 64850 
3991 19
59533 46311 63001 49440 14661 89303 14943 18276 90156 47613 20429 53412 19820 965 84748 60091 74394 76039 13418 
1427 11
87619 75006 36020 86916 7576 82504 56741 8827 40047 98986 16915 
2994 17
48952 43842 92873 95636 1889 61227 50273 28101 42543 10665 18592 89280 92299 63097 79064 8702 30713 
4037 15
56820 79528 90516 15345 37484 25943 54646 84441 81436 57868 47427 36940 10238 98773 14868 
5065 19
99758 89812 62380 28703 71880 77520 99038 63892 75917 69453 3096 20130 6870 311 71471 40458 9950 28614 32542 
9255 14
82545 10121 87929 69499 33025 19731 29485 1875 40739 14871 12490 54473 17705 80757 
3546 10
46370 29226 46114 84271 92353 55536 55898 76616 46983 83879 
3742 19
43408 53473 45008 27890 10046 90056 70768 12235 38515 39609 24138 40542 38617 93305 19787 57230 34927 98741 22010 
6313 12
87162 55835 71033 40845 11942 28797 67578 82829 78987 43265 31659 93797 
4563 15
50753 23443 98262 33076 13028 57610 72835 77888 34839 9803 89260 77153 60440 90525 4685 
6213 19
82901 40932 58212 95472 32725 29045 64840 9811 51875 63817 82724 46054 72552 94635 29136 13393 10865 77424 63457 
6416 19
74318 90005 47968 81253 56390 95684 66830 16620 31915 99308 10699 20964 5425 15413 57172 52550 45119 10158 92349 
7658 13
82620 31242 47815 25900 62112 55638 16453 6353 48988 25826 40645 20970 8891 
2161 13
90603 29731 27813 11177 54735 33316 79403 42313 35535 77726 8541 85231 60933 
1195 13
79555 99673 65784 61163 60713 81708 16525 12925 58034 34 67451 14934 9331 
2890 11
59460 4120 87869 58257 58129 8520 64427 58072 53382 55383 60955 
4626 16
27547 12639 47575 76669 31619 41373 55430 5799 61425 47208 43299 72668 59185 5871 93171 40041 
6054 10
61539 52082 56202 15284 63110 19734 69265 4114 4824 58795 
1777 13
90073 45486 43822 89216 93435 12267 77184 12658 45429 65113 96529 18594 13881 
220 19
18369 33342 27476 79410 48577 90127 92984 17440 813 51537 19587 16920 42679 15813 53737 69313 37332 58268 80199 
4704 11
14343 46492 53376 11965 96939 79826 26048 47679 66137 45187 88817 
1596 15
2125 19531 5745 11141 66979 15116 99733 76098 29111 30880 25014 60540 75356 43430 79620 
6517 14
77181 47637 82125 99325 56846 69713 96553 21435 15326 48405 30237 54157 68098 94997 
9080 15
27874 95328 34134 25423 65491 50566 61045 71727 82772 22636 10837 36678 88381 62624 62283 
7120 13
46518 58277 32987 19466 98211 84236 86758 49243 55580 78578 81466 52987 92811 
6215 18
96662 49415 45216 94517 67089 14576 56408 2140 24129 4744 52762 94148 16553 23386 11421 29973 4949 17113 
9629 17
8705 37812 30591 60819 1721 56195 88717 50041 18160 29531 13258 51633 69054 87028 63036 33547 76914 
7967 17
48520 58473 3249 82680 81907 81258 40555 85309 70732 76043 71696 59764 20191 96830 30594 43138 87274 
9486 17
81616 50136 25217 47863 13021 3667 1142 42294 85828 144 96171 88042 29781 29916 88324 25214 77993 
7494 12
4463 76735 85508 51017 70468 36353 90878 79302 10663 41288 10857 623 
5931 15
17093 33896 45909 65322 25042 49678 96216 27522 44063 40080 9728 71799 99511 96836 49252 
9610 16
61799 8256 94445 81281 46899 82028 59639 7226 99410 51124 73708 80133 72458 10310 15889 26024 
3726 14
98339 64529 85115 28990 19778 28561 36631 32226 64035 4363 55052 84645 60925 25619 
2977 13
2309 1255 17198 12353 93384 51874 22277 59016 5806 15505 26975 55942 3911 
8149 10
88199 42728 46288 11281 39297 59349 71560 87508 79950 16863 
7734 20
10068 96541 70372 41152 90738 47672 12479 23806 60539 16254 27975 59922 25989 42257 108 76638 73853 95683 92277 95387 
917 10
60729 33126 44084 59516 3449 99771 38274 29121 85545 97211 
69 13
35067 52387 61912 11810 5808 92147 65739 86023 24952 84681 51531 61389 68154 
5510 14
64469 77436 78494 69642 63147 67104 49426 61620 23029 45455 35068 15448 80974 66083 
3229 15
74019 65445 96380 76434 9100 35511 10429 45081 43248 60149 14939 25510 43290 45433 99601 
4330 11
52496 6287 87042 97836 80442 2290 60050 96206 72368 71274 96715 
5890 13
60359 21789 74252 59698 6903 86418 38068 2906 54564 51014 87132 21303 45170 
8366 17
57116 87384 65423 38146 69000 6347 53228 48329 42059 83744 28568 90808 83581 42380 10967 85671 92987 
6229 10
17584 10817 8106 61540 14751 24198 81657 28422 75827 76302 
4380 17
21474 45042 46072 5229 18963 42963 61185 11324 44273 93492 38621 52213 66833 43103 82752 20263 20565 
1996 12
83088 40074 34632 67027 33775 24317 15683 69113 26562 73587 63868 30382 
5765 12
86956 6430 15756 89199 66855 37791 54227 65957 21176 88576 4691 68457 
6900 15
84837 56122 9796 65779 49873 17678 30226 33507 31425 90465 40778 26881 95188 70957 61143 
9948 13
55894 44866 60007 83858 78907 7578 10231 15301 74943 23869 90758 24599 4624 
29 18
69534 23600 50056 97733 99675 77350 68691 33336 55674 80009 69361 33042 12708 68449 77682 66311 80532 93750 
6977 17
99006 70124 48057 16614 99975 97203 1942 17293 26326 32393 75975 34286 50143 70449 71114 32183 66128 
5849 19
80858 45274 15950 45671 45652 80951 75944 11766 13806 89578 15196 79817 19152 44926 49834 2889 99523 97553 1608 
751 18
15713 65399 41058 94239 59492 70627 74094 92605 59538 15535 18471 33695 5449 29854 275 91075 15151 51453 
9367 15
19891 65640 55924 94991 69960 31744 23025 49525 36361 82428 43507 32324 10106 90301 49908 
2497 15
11387 86828 33888 66535 95546 2357 89009 41298 90565 30941 81091 80191 10644 17597 65230 
5171 20
80163 30835 57161 32968 8111 72316 72825 22050 31258 53013 71222 59834 58294 98516 83485 52278 49129 16578 10543 35832 
5558 17
8906 69716 13453 489 79856 25135 73892 55631 43492 98107 57283 80896 52752 85980 84504 23092 81428 
3999 14
22678 51204 34483 98584 12382 68419 3733 87352 48817 77440 13657 65489 56661 97302 
180 20
54866 35394 87213 65750 31588 57753 97815 53633 84541 75870 20863 72660 3243 862 79716 98128 71005 52970 56086 22770 
4535 18
28816 30949 59703 17603 57008 23752 60973 81877 96236 4879 7516 58582 36600 25667 66425 69520 28322 77091 
6893 16
95732 80312 84211 95392 69038 47292 96605 80059 47187 22537 6665 25011 75829 4230 22644 86137 
2137 20
16397 70737 23019 88626 24477 75016 56775 93795 46404 75376 26245 36726 44632 14704 4572 64790 23621 56949 37854 70379 
2610 20
71113 48745 10458 11071 30494 52297 53356 25060 74761 7820 66708 4174 89240 39325 48043 61304 49113 77032 1382 65479 
8005 19
71358 44049 75201 63729 50403 59779 11769 98798 2171 22715 58998 38757 80374 7518 54867 63014 69565 43568 66483 
5789 17
97026 5401 34964 61402 89758 31614 16737 15119 30447 69491 78124 347 62416 50132 13429 87405 54566 
6924 20
437 28224 74130 79444 35243 72444 17326 99091 85194 79063 63846 72342 11872 26289 914 74778 21608 52515 321 71058 
111 14
97759 78382 8792 45472 79430 40466 1559 61427 15253 20320 55457 38153 1692 70445 
9095 14
20395 92928 86613 17192 14246 49484 93109 12473 86290 37934 18313 72812 3621 75822 
6960 15
61486 36781 69862 82588 67911 14405 50433 99689 72698 10844 38352 19748 54459 6247 71899 
3852 16
9965 74830 30191 40172 78232 60599 15380 53683 77869 72242 48069 187 58777 83839 38591 77060 
3277 18
29145 15674 18984 13431 32672 4816 94314 96648 18635 30216 39191 39314 39549 60395 68496 67204 23432 19826 
2110 14
91268 51188 26358 76856 86964 89707 33033 59501 21009 34012 39568 1347 61289 24868 
7438 20
60101 39760 89848 59314 29776 7093 82920 74677 50115 68645 86426 85581 50938 51686 42865 35463 1137 43162 76815 92491 
5818 19
63941 72617 51908 10087 14283 20394 6644 70993 35342 32589 59170 34960 98400 91785 40475 84011 66216 1281 55359 
8677 19
54100 55736 70719 65537 57476 11813 5765 75934 86212 87787 27075 95939 84362 63444 36527 98603 69066 61954 59762 
1029 10
55391 52505 25966 90196 15258 7468 79024 64097 19794 2582 
8056 13
28167 96476 17128 34361 87430 19817 24457 45770 75487 3561 35890 63827 31110 
7881 12
29647 95013 12040 50018 27882 40758 30549 47235 69356 94115 8436 30489 
1927 15
27236 32340 45031 33481 77772 25473 57500 37925 3347 23729 23592 73243 91736 86437 40567 
7575 16
66420 57733 56723 99998 11851 31529 96630 14517 80057 60496 53525 81317 43121 43509 79454 67566 
1109 10
38329 61713 14698 83089 74628 25962 65141 70282 78813 29735 
7294 17
21556 55349 12787 79261 1412 23108 10973 14520 83796 24763 83381 74403 92094 14773 87816 64804 9222 
3737 16
59149 12217 84845 68991 34756 43515 70424 21407 12565 88312 49181 21489 59688 85327 43158 47737 
5502 13
77010 7192 66290 87547 59022 74739 31933 44134 95575 86072 37230 538 50235 
7007 17
45220 13798 42443 52012 1617 4710 60591 48876 28196 11291 51572 97215 81941 37396 65628 80330 98729 
1868 13
7898 23550 57160 96293 50201 57376 68996 16181 61130 62025 31924 11514 26663 
8591 18
58214 49613 2595 60237 60267 92938 64419 94483 78446 30074 4367 79328 31112 55863 84079 50910 10379 31632 
9647 19
47109 95318 24037 25514 46419 3723 14951 35547 15121 25354 69201 29392 36874 36307 77077 20992 93830 22523 6639 
3868 16
38492 45565 79373 14853 36551 48204 77797 93556 71860 20585 8246 78867 15483 15235 35657 88866 
1241 19
33262 47856 34500 90313 99029 38480 64170 58465 86125 32832 67054 6017 22364 30381 25953 31753 7283 35438 29536 
2900 12
42158 21725 314 8159 5624 47321 15207 71673 28661 51805 64218 63775 
3550 14
77749 61815 9428 25997 74796 44797 30761 59389 60417 48062 38174 67059 62814 36462 
8618 12
43686 84943 80547 21205 55352 59270 98333 13828 92996 17819 26628 15525 
5311 19
76763 31674 40337 26765 5980 66267 56186 81510 71301 41168 75001 37385 82953 73422 52285 85283 27 47594 88308 
7201 19
38846 76802 22662 23777 54759 5891 81726 17893 2668 71365 71207 7886 95419 97303 98275 33173 46664 1870 75421 
2144 12
8888 83373 59023 36485 37470 2623 18220 40437 65933 39234 62673 7776 
3719 16
94938 97039 23489 38987 90708 89283 74216 41713 7953 26483 80832 37449 34807 47367 81004 98025 
8521 20
72412 94592 6293 75115 45102 53094 98065 92700 55003 66555 14317 52981 9525 3523 5922 86374 86004 49863 83416 64176 
9227 14
27902 14391 17766 38461 18981 98859 43939 66562 63726 30542 67461 42200 75128 54980 
3932 14
40438 77422 2929 29211 49927 82149 70752 64017 50601 80363 59960 56522 76902 35609 
9927 12
79254 75180 87095 6495 6861 30544 79480 25242 74206 62499 62049 15046 
3631 12
67343 64207 22869 11774 12851 34949 90539 40965 30548 59251 86143 66266 
5810 13
81225 74884 74309 51085 92677 61998 63360 78493 86804 21603 28584 7993 78145 
4506 14
9268 88297 5368 7121 93152 39993 48250 69560 98349 63107 32001 68459 38358 46480 
3148 15
63389 71769 47631 23660 87166 69943 21022 95340 87563 41864 20102 32967 48541 23400 36813 
156 11
36043 47307 42859 46885 20438 73296 1251 54977 65197 15885 13469 
9548 12
65341 50610 90100 2920 87321 76966 49282 42365 79741 12593 33079 5328 
2664 19
39531 30059 60287 91693 73485 31295 96111 57976 80596 47589 73448 47150 57718 65434 70202 69525 84514 54995 52093 
5942 15
6297 71138 62284 84071 9609 4449 46122 36810 13868 97150 75667 7265 38755 16285 28518 
6916 12
1234 28824 70456 30454 41285 69602 52775 73880 50484 99970 72127 11809 
8285 13
51240 96181 93030 21592 13554 3807 80043 72167 77979 34260 45320 15191 57228 
8530 20
82458 27044 96213 22968 99723 98024 19448 42760 16064 20859 2304 88957 32631 59089 53582 26138 81373 87719 5892 11503 
2798 19
36023 2298 51701 3363 79291 46101 7485 96876 39151 28463 58337 24639 25320 74714 90997 55073 5547 13972 62930 
8582 14
36362 91550 56004 78272 90971 83989 41460 73331 36499 49047 26310 60342 31680 95124 
6232 14
24693 33573 31697 11374 39407 52136 94076 19078 11405 94613 94921 66470 79311 93005 
9992 17
11896 97315 28487 54487 94642 2448 65970 60898 21906 50037 24118 84675 19245 63811 12834 65697 18310 
9200 18
21877 23611 13319 8628 15517 59635 86219 81025 90870 26733 94798 72874 75076 5786 23736 49335 95783 40998 
5388 10
6239 68884 47577 16596 48235 56049 22454 29262 31625 2510 
4813 20
70504 4925 61968 46409 80023 40613 56513 48889 81110 44893 4381 1619 80938 92336 94508 33141 79227 33887 80961 53605 
9392 16
12125 38506 95834 35946 61886 94867 4218 15826 17618 50804 93839 14097 16853 60152 92031 41583 
1711 10
67380 15797 45685 87749 81455 86544 27128 22263 15318 77518 
7963 11
63912 49736 25831 61205 89191 74649 28370 66573 74147 79522 9705 
410 17
97393 78865 36890 58919 41174 65641 80829 47334 2897 2155 62165 51626 88539 16982 10196 75795 86274 
314 15
64334 92456 70539 88138 64337 84531 10109 22302 60167 59963 50012 44995 93867 1523 63165 
6446 20
58291 10142 78839 99013 35871 98393 83774 27618 35735 36923 69387 69144 53448 46530 68205 68545 66792 97353 15900 26401 
6370 20
25601 40362 60385 43840 48312 84683 3501 94898 93870 93433 32566 91160 18097 34253 37690 427 32239 46583 88380 33734 
293 16
23028 46410 87656 21757 98159 66807 52805 74344 19233 35161 88008 15322 30919 1378 32085 89089 
3423 15
84195 75475 4815 25385 26412 58117 27132 88752 48157 82192 39192 39312 62122 33003 76678 
6929 10
59689 33361 27730 91054 51237 48522 74880 41736 37857 1246 
7124 17
11559 76659 66112 47497 43774 63152 72194 84791 15911 15534 78852 95164 33815 80820 84187 50099 54052 
5561 18
66602 88233 77839 63862 62957 60024 46088 19769 22956 95691 16694 45745 56036 83556 22333 89336 86943 78902 
72 19
52737 63639 16099 38635 60433 17698 12452 59615 91784 54942 4102 4881 11162 91093 48253 89314 46450 86298 78903 
6618 11
30986 43613 69228 54774 30485 5349 25153 96378 23316 45396 78488 
8101 18
87912 69837 96290 8586 46390 87425 69595 4386 11981 9825 27883 25853 44892 19326 18975 7489 77330 85863 
7445 10
33977 15716 84320 85554 80365 80625 19351 34472 15917 54006 
8314 12
13404 41045 68776 41770 15104 49592 2974 3608 26183 63791 8642 56962 
7914 14
21151 59744 16138 74167 46977 49133 66882 44292 96940 1456 97637 81934 57089 74671 
7645 15
28757 38206 49720 33181 7549 91775 98631 51951 11713 74489 80297 10327 16202 5565 54916 
1024 11
20277 68426 58408 82442 61721 38759 52032 4972 22368 24268 32114 
7843 20
9526 38684 77573 42817 74467 31352 44404 40884 75591 3970 45791 15016 99266 9698 5667 40070 31208 13585 17796 20265 
7674 15
48355 23230 22822 34604 96548 96371 92671 40955 38030 83532 33430 99203 85631 13561 80350 
8751 14
5650 11360 18817 4492 64277 75430 2229 95125 14149 86186 72545 97838 98134 47966 
6715 18
1147 92033 75926 67956 26822 98111 21077 34769 3598 68116 94724 95314 9544 69349 96008 70288 49510 35878 
9168 12
18334 643 81278 5688 52598 5391 26275 28484 96405 34540 22703 78390 
9203 12
87616 91060 67814 8113 6905 38458 8470 83264 71731 27088 24592 81842 
6783 13
82698 51427 16770 48392 44717 67583 2324 57165 33737 95095 16383 38845 79679 
310 15
47216 53010 75665 91758 22665 18449 99948 9345 27463 83307 14930 17185 2192 56999 58340 
2366 15
90125 6938 31925 78503 93864 15075 49368 1659 39807 60684 51078 1973 65455 49331 77114 
3342 11
96178 9498 9122 44990 4931 49654 84123 52081 39507 65979 72979 
7349 13
17422 79401 84314 74246 80668 32445 31597 16892 33490 79362 26091 85279 59041 
9081 15
37630 36605 56624 51304 27930 55774 71966 93266 34619 86117 31591 1161 3001 82682 8893 
9507 15
46675 28393 107 13243 38469 84733 50520 82357 43700 426 37861 76685 22639 61625 47750 
5202 18
15311 70761 58381 84619 87187 24818 34541 97824 62898 58369 84690 65496 21096 19273 86155 31782 60356 18250 
9028 15
151 9170 71195 51723 83450 27682 75877 69008 18377 70946 90292 37017 85016 1506 33839 
520 13
110 30948 34091 90702 22444 13745 19502 41348 61116 13982 63571 81727 24213 
2557 13
72443 71911 36888 12946 82808 11910 37269 88147 88848 41614 36464 57927 64183 
2738 10
87867 80013 29926 11467 85669 79375 51020 99070 90672 60345 
1661 20
86486 75322 41620 35534 88907 24792 51298 61243 99581 39745 11558 78657 54200 63329 31834 38934 52131 148 85544 24511 
2565 14
77450 45078 1581 98761 92265 60023 90677 53394 98444 31243 1357 60170 13699 67723 
6634 16
73348 92692 76078 20489 14221 19258 11963 53104 20397 14480 10566 67365 95224 2045 86293 48981 
9767 17
65146 63897 49889 67431 87193 25318 49839 64491 20073 27427 87893 18458 51380 20734 95529 84385 72338 
9810 10
93754 8905 33464 7955 53669 1912 4726 95564 72649 53684 
9506 18
24168 52150 33125 48747 64272 95401 73120 2253 55571 82657 54080 28035 13325 73605 53947 91177 32320 61131 
3919 11
69802 56056 15819 89941 4461 94347 21917 66590 40245 1184 90734 
336 13
72530 78480 20031 4018 4456 45101 708 35413 14879 69547 68306 95097 33376 
6805 19
59020 20240 85071 51279 96088 7080 6252 83935 72651 49444 83178 21120 4740 12320 12103 87313 63182 5852 8175 
1201 20
99899 33482 66837 26759 84256 6471 8585 93111 8851 34078 4850 63192 99331 33588 28933 91106 48464 58677 78818 16196 
2657 19
42175 86153 32792 14268 69036 36709 86839 83921 46433 68893 29608 67057 20372 70935 60851 66936 47663 24266 12476 
8989 19
71547 79068 36422 90827 36103 43675 81799 7459 51990 88693 67915 9571 82394 50402 77555 4882 85112 38628 6476 
5113 18
69974 10913 4515 21533 81601 14354 70484 69790 92685 26672 87593 96410 26368 9777 83827 27943 63919 40419 
5990 15
63765 35951 24689 17515 57778 71709 27750 70341 27051 30267 46525 8844 55817 72817 24991 
4892 14
50779 23298 62575 99600 92278 42322 91660 53588 27342 84002 67747 67902 41906 11386 
8070 14
29981 52774 28071 45026 96632 93400 59182 56742 14443 66976 81476 9028 39913 2615 
1516 20
38377 86602 26779 7187 93938 88346 25771 99725 35392 96431 54631 75545 68551 21851 65931 25096 6026 28928 89052 74133 
429 18
46763 22388 94069 74594 7651 97297 65576 34658 16011 90776 52052 69309 4563 74800 9338 12563 98693 50240 
9809 12
23340 68260 57612 8225 36806 41078 23774 76882 91995 14461 81683 7458 
7078 18
65959 64525 61642 13571 37913 94088 43578 74044 73397 51012 26141 2187 29359 64421 83541 18627 33797 6535 
1760 10
28953 46805 82880 58487 40929 22422 14830 49620 39132 5901 
2457 11
36987 91283 55480 23508 77001 36205 24780 74588 8334 73007 58821 
1960 10
13869 79988 90691 30379 71320 35270 63258 67313 64186 15752 
6724 11
63244 55452 85301 90183 15302 92534 95077 63341 54142 61454 66109 
7937 20
62239 12068 3518 12807 3015 74379 79984 97092 92731 34861 50105 48712 13847 81827 4329 7517 78805 48614 58431 32944 
2943 20
90985 8051 48077 68857 56722 61497 68429 4916 11954 44522 38998 56395 19155 35038 36728 14627 34734 10040 42824 89074 
4164 16
83957 91515 29670 5488 36802 84170 32376 83030 31466 4903 4947 35906 13419 44932 40738 87460 
9855 20
69233 24583 51479 18568 56073 2999 31629 79077 21342 64392 94033 14014 89198 84226 55738 34698 45533 83257 74200 60258 
3459 20
97886 28136 53358 12206 10876 65964 55157 71217 75515 87562 25755 22522 17120 24874 57400 8575 77920 87515 1678 33307 
3218 14
65795 84101 55521 23405 86848 46846 23072 52401 1010 5162 59691 95143 37840 97500 
2567 15
96368 72801 30691 72348 48742 63381 17752 18612 15997 8448 47761 96810 20741 36475 71812 
1453 20
22832 51412 68226 70749 12015 61255 59341 1339 74243 49749 39332 66733 38811 24651 28208 56190 15385 54983 25123 17714 
1813 16
97048 55178 68464 58637 21712 86714 32864 92945 71192 41353 31624 8506 94960 86728 72561 15149 
6485 16
67371 11608 95339 81129 86061 67793 85135 32274 99457 26082 49367 97158 11652 11795 21521 76283 
7166 14
60261 58833 59221 60913 34912 99442 49505 74754 86148 98138 99387 20255 35811 43444 
1110 14
13971 31146 76657 81924 52822 79109 46752 79216 17878 63840 11124 82667 46345 94775 
3415 15
56476 57367 68404 68213 5836 67042 61919 9039 11174 51104 10811 15130 76940 55114 74564 
3837 17
25504 76390 64117 48163 89564 77605 91342 64520 1730 62685 27601 81538 9470 52789 98230 22974 77213 
5200 16
60677 59035 58521 60617 28276 90506 98368 60888 3784 66843 46191 38119 16919 73487 17045 739 
381 16
78218 3837 23543 97925 40665 2754 7 8747 17315 13349 86835 75098 26995 41769 64923 83622 
4381 20
54841 50195 31979 1734 89736 4894 58217 47841 81256 38524 24950 46161 49126 1852 3505 18215 75947 40460 38669 21975 
9963 19
47722 9928 35723 3471 99824 27003 1914 34741 23537 32448 55717 43895 13159 74257 11101 51392 13534 54749 66242 
7506 14
63738 13059 70054 97004 16417 64897 86524 53271 59395 8129 75419 57125 50423 38236 
5607 17
86135 25977 2953 49891 1411 66512 99744 35592 1237 59715 93808 47916 1577 40859 52916 13976 87884 
643 18
36961 8537 1126 84711 39678 4375 16021 99460 28243 62582 55374 65144 81916 71602 87427 23442 73064 80377 
2331 12
86018 79548 82730 35191 95845 78051 99841 7728 77431 67429 47495 99421 
9160 10
97387 8302 96777 86929 89403 32719 73769 4618 3972 31683 
3892 18
730 86775 92764 42265 87941 12462 32622 80893 22403 53692 71082 67317 98800 62900 94948 36386 20053 99035 
9489 14
56940 29598 88497 4490 1669 92402 45883 91694 30649 19784 38547 69838 18137 45503 
8254 16
31572 494 10821 81783 82031 99576 42451 59811 88947 21884 51557 12813 67518 18461 13658 71939 
4713 20
76521 20393 55232 344 86903 18798 79089 70362 2430 15233 97498 15110 6256 47016 4500 72070 16018 42024 20958 7840 
2200 12
98647 9436 46567 20587 57766 48075 15714 85916 71186 99833 88829 65165 
1878 12
33312 39007 54475 95668 98695 18070 55740 11468 84076 44655 48646 28574 
2047 19
10296 29083 94556 19298 44463 75223 956 80520 5708 37522 7932 75276 28650 81296 16253 85450 65400 16869 31450 
2941 18
15166 6628 87413 88228 66681 33092 99409 39976 23637 39396 93261 84005 83131 4640 74413 48683 60521 26702 
296 18
18353 5286 70315 95246 7083 32470 44461 68972 18247 80421 62489 9523 34131 20885 34006 13780 53679 13112 
2535 16
91069 71440 11668 69875 84923 70731 89687 74586 82376 31798 30238 42348 6673 13128 214 91013 
5097 15
68596 95489 20396 60295 22486 93115 96530 1141 79915 71511 61972 77137 44628 78906 99934 
360 10
18869 31367 77074 30215 80851 80824 26241 19893 9390 51762 
9221 19
84026 88738 8245 93774 86722 88825 83297 90500 29873 52725 25306 70487 24514 74554 26344 67088 19985 57012 76388 
7071 11
28620 67657 72570 93910 61317 49768 40860 83688 54358 32802 83596 
2097 17
84576 35119 72902 19472 30639 55915 70408 95184 58614 99396 12344 59220 56512 36914 4479 13950 71974 
657 10
56560 83887 42847 27863 28948 18766 62073 35060 39742 7188 
9871 14
21955 70576 15113 63085 58231 80393 17117 92079 47617 29061 87836 15552 84703 1601 
3877 13
15317 71269 93138 49300 73025 51413 63049 99109 99715 10917 78695 96445 56436 
3413 11
93981 44479 70750 80404 82597 14911 56065 46956 7166 23259 11789 
5427 14
96387 13678 70834 37203 28677 75811 95337 60495 16191 33340 92912 78939 48764 25335 
6153 18
9862 29233 60960 21525 72700 16235 51064 69519 26120 75433 84343 66107 99823 74845 66858 42225 66969 3584 
6251 15
69835 59385 41244 43311 45069 77515 55479 43764 80211 85018 12864 11089 15844 87309 16022 
8262 18
13390 95669 54072 77806 48142 55618 98408 78104 4437 30397 74958 11053 48070 34545 38939 48694 60403 14172 
9833 11
42595 33929 69354 29207 4580 63306 13060 60218 14706 74124 74638 
2990 13
29099 55196 91357 96168 66032 59140 92293 21894 91454 19416 18740 86907 1694 
5438 14
527 60056 49632 89930 76256 6373 44812 41381 12924 13272 68452 87397 98 94553 
1316 18
16199 39821 88579 27652 16101 9602 67807 53426 11195 31724 42573 91966 47191 40854 76036 54062 8399 2024 
6597 10
3198 97363 61254 36057 65480 88275 7440 15458 53302 92021 
4830 18
31810 60012 9797 16188 297 38252 57205 47652 50014 12587 90737 52179 19407 43359 44469 65869 2082 90407 
8137 14
376 23685 56364 17619 4070 17341 45335 57208 50711 93445 99971 61271 79951 92511 
1137 15
86110 75813 89486 38498 41013 181 49964 53183 15617 32799 73122 23843 52467 49198 94733 
8422 11
27225 71702 32319 17780 62578 1290 73609 70695 65703 27526 49918 
2329 12
15360 39794 32615 66853 61537 22363 19110 63990 26570 41841 29778 40712 
8488 17
7698 60544 73183 69900 74067 12162 57569 12973 3389 52721 84875 91683 1030 45522 69767 38326 51405 
4055 10
22090 37116 89428 87860 46505 54818 24286 72834 20119 62326 
2608 19
54120 46504 54180 99212 36770 56123 36745 34119 54742 86940 63594 79658 80164 37863 11918 49034 70583 17701 94767 
7069 18
46676 89369 16197 35160 81377 50545 16123 26031 21644 81860 85412 93345 52947 4897 81575 37184 44616 27194 
9350 16
74829 13875 6068 43367 71689 71105 97322 53856 73293 35891 85579 12312 73452 86116 21805 52026 
2058 13
51763 65925 89966 96608 37058 19708 80998 36073 58545 9370 20315 85397 32764 
4275 20
92110 98905 93416 80800 86091 95189 39744 32042 4338 2809 71821 70417 99148 47970 21220 86342 63686 80892 46631 60857 
2147 16
70177 46721 66472 94883 39926 79979 69524 76154 88703 87523 70931 58874 69647 23635 21848 14417 
8211 13
89942 15603 12421 24150 81279 17390 38438 66058 85379 38720 30378 93585 91735 
9106 17
62653 55477 37095 86033 88686 44468 15789 7416 33723 38499 16225 62637 1528 11562 97799 66450 44677 
337 14
54872 92029 36601 22544 12478 14332 92183 60537 2378 90248 60311 21105 44595 42781 
4445 17
14088 88140 63365 73735 96486 42766 32619 73055 59127 60268 77720 86879 50809 43633 56712 62825 43752 
1189 17
822 18054 95218 42713 96492 4207 15220 45900 24042 76647 87032 79407 97821 92432 27803 18505 83259 
6772 13
68161 46842 95512 90050 88834 45113 23500 62509 75938 24112 86445 19919 95671 
416 17
85782 34561 1508 348 97542 84065 19674 82929 10280 78548 57140 61397 58698 80870 71411 96196 27052 
3740 19
70845 74579 70126 28429 37086 68795 40681 54151 58097 66815 89604 27039 16097 46351 96736 58495 63558 77835 81339 
2923 15
9340 87323 84721 78873 87908 89943 17764 51640 19756 20732 64384 49587 3340 54171 9779 
9986 15
85635 48586 70134 53312 3996 67087 59227 18829 92716 11635 13568 7492 27290 4568 48409 
7493 17
90439 7072 78279 2100 50461 48977 93534 85796 63839 52915 85267 90060 87541 99864 79072 83598 26660 
4645 12
29448 81895 4785 43472 8274 98861 35526 87740 95329 63969 14428 23371 
8269 10
38395 79907 92585 40964 19870 95653 99085 54099 19008 75850 
4463 18
47407 33779 93378 90453 79233 32644 829 45282 83013 49953 25398 53413 87340 25685 39388 47964 7858 28195 
6377 16
66152 19430 56798 53190 87756 9806 79352 27433 67396 27763 38727 8518 51511 9703 5993 59581 
9353 10
4698 53825 78811 93341 20075 81804 42507 70253 31682 37027 
5484 16
43379 30386 34213 13019 37417 34300 72129 50882 27715 22448 97383 65001 57344 41165 59674 66854 
3799 12
46694 10226 39530 51969 58789 11880 19530 15463 80779 61032 15914 88472 
6380 14
90161 20074 39333 87093 94526 64808 43186 62129 80477 55784 80653 22929 96388 80460 
2162 18
54155 44531 33165 35593 66269 81932 34879 54449 84861 31401 63614 81610 42376 17961 54504 31645 49668 93034 
3520 18
82462 51922 98266 42699 15673 8184 77097 64111 58047 54409 6933 93530 62718 25285 15549 15055 84153 17340 
3473 15
2789 87775 95151 56850 29757 69252 89557 23666 16736 32208 97635 28388 74712 58628 34460 
1394 19
63950 24054 15102 62801 39712 5295 31292 7515 15424 15018 94512 77041 54932 66090 88850 11683 81438 1096 2359 
6980 19
57447 345 86902 10247 18909 92148 52865 25220 57681 23837 37419 5705 40284 5817 95986 96257 46236 55463 53205 
5888 13
9853 70538 363 86405 79012 37781 82769 79815 60794 98551 27297 94808 99563 
5254 17
76406 14429 37471 56542 54325 28576 16734 41281 36272 56823 56441 77475 3033 7143 12758 19128 86005 
2203 12
36938 71567 70622 60445 49582 68082 79583 66772 2832 65073 14411 42602 
3101 13
52834 67866 27359 72667 9716 60810 99413 24957 88803 77971 34435 6878 24305 
2006 13
42447 75657 96719 42790 27157 79411 88446 20664 3964 36998 16873 96323 94498 
4058 13
27207 50042 7336 17426 7826 62267 56871 46267 53443 29557 55020 84900 46516 
4855 20
66955 74976 61824 27092 50795 46226 48909 68090 60112 44135 42704 51015 61253 96900 96302 54726 85241 1671 49002 21275 
8616 11
38917 65752 68422 78358 75987 82814 71062 96194 38923 97818 70430 
4606 11
59143 78370 20684 93740 40242 57936 24020 45877 93551 44605 34227 
4316 19
18902 4950 66447 26179 59990 99961 33788 24007 37870 69061 5208 35146 14926 27151 78639 71294 87587 77513 13342 
8912 19
51469 76800 67082 33840 69852 48048 37555 74752 57032 24608 23631 51355 61440 11771 31202 53735 5735 9206 36219 
814 20
93737 97902 5977 36942 63855 49076 75362 84488 50581 93376 54707 94732 17022 52641 84848 46466 74620 55991 41032 23036 
7076 11
90988 56881 57314 16937 50088 18119 38997 18364 29780 14181 6424 
4637 19
20123 89102 58115 89342 54237 67409 96659 36055 48895 72198 78679 50684 59528 16353 46712 95262 26142 28299 63609 
3623 13
74106 23510 89642 50416 13622 18974 75668 53344 54320 2417 10805 56935 51326 
2959 19
50771 93502 47127 87495 52099 37926 34390 52491 90280 45449 7950 95288 78222 59342 24428 21030 53266 79181 10966 
706 17
27067 21956 96598 10130 20981 68665 1804 90300 9322 10091 2442 28375 15331 33992 13147 2800 20841 
4038 13
95365 53368 42005 46611 28298 8676 49080 52765 42184 46822 55901 75852 81515 
829 10
26965 11202 71741 84083 57872 79013 87347 2020 55346 64598 
245 18
82311 93787 21579 95513 33358 43905 21775 13505 85377 35988 9366 67961 42277 74282 49980 26545 19063 12185 
7197 19
17486 23852 85002 32052 47711 29183 50884 22905 57825 35493 37221 57881 60373 70548 9789 45087 40527 79354 33752 
2892 19
69949 10531 72634 4658 9474 53745 74543 20135 20815 15090 55996 50451 56667 37513 85247 51820 26190 30672 51425 
2926 15
28810 58374 43807 3508 1535 79790 766 40243 64459 71063 73405 38518 65807 40328 54429 
5100 16
88881 736 65914 46790 57302 63229 3664 96189 8513 3095 81289 32501 90513 75251 3203 70299 
6931 18
23377 73187 93763 65683 60052 18835 42516 85003 93251 48385 67252 68001 27447 4312 87390 90877 57961 41818 
4343 10
7638 63682 98499 30423 14267 27144 51840 2801 6854 98181 
5961 10
10454 7684 94338 61363 12167 28828 96935 96351 90312 63531 
1803 20
39287 4666 90642 74092 60834 49557 29714 15430 65450 99959 30171 99296 88812 4746 20220 40407 6187 66257 55820 11354 
3331 13
54908 87848 13829 34050 22790 37966 82845 10894 47058 33693 96228 65361 69768 
9926 19
51440 96756 81947 64989 28125 84581 31119 85636 56215 61502 47992 83446 78372 71798 88696 60362 90990 60582 93284 
3557 20
78521 73815 63197 48606 82178 88257 74924 74202 49773 13712 29299 1414 72189 68202 67424 91890 46084 92543 10628 32255 
3412 12
17186 2961 69278 62816 35233 78420 18833 57935 19567 64487 42162 5991 
4977 18
36862 28157 67010 29970 90518 16293 65947 76211 25892 37896 67647 50638 24860 28301 49185 11548 11224 63297 
1028 10
6622 60552 44539 92049 4225 77170 98360 88525 46773 48004 
1883 18
41480 12144 97496 18921 87919 35036 34850 43476 53033 57105 93831 87448 46341 8527 55701 93686 67858 54108 
3124 14
7441 24803 45851 88888 89360 4303 11593 42065 79809 57835 1683 99456 31431 99244 
9540 10
99580 15073 3354 15348 34381 22506 40796 69550 76067 64100 
2126 19
14772 16653 6266 92653 75921 79908 18221 80042 46775 33272 5152 39158 39045 37437 83515 2994 24695 15433 91307 
486 20
31791 77753 78122 28477 80033 30785 32434 92546 21153 17824 1886 16438 74082 57487 92872 70433 35600 62384 4790 97830 
6396 12
72098 53076 67310 16288 49992 10810 14039 68119 80236 28919 14995 71240 
5891 11
18676 9692 61238 45755 33983 26637 36973 89445 2756 25350 48017 
5590 14
82048 55291 95129 20555 45621 83643 32891 97946 6726 50886 64380 15804 48678 61929 
7460 10
38039 27716 59672 82758 74126 57650 50899 7904 41474 89928 
6619 12
5794 46796 56857 21025 99811 33183 11694 48818 31253 38534 96439 73595 
4742 18
87984 22189 8825 31916 80334 79458 71030 40125 31598 1743 19146 10573 45484 13207 96223 93082 71519 56443 
4609 10
98779 4505 31435 23197 88403 14716 64112 18618 27165 45675 
4677 15
98754 12029 86628 53479 71682 21688 13292 89654 28087 96475 72469 5862 44563 60333 43563 
88 20
96717 16004 83687 85299 8235 42841 15842 28074 95943 87879 30039 16584 13921 26920 2478 83567 64710 71517 9925 92257 
6886 11
96184 9162 63331 98641 58564 5969 73537 34128 27227 31876 18228 
1538 11
65580 26690 58325 42143 47429 28339 18017 68919 41813 52573 89539 
7010 13
9494 7866 33506 88013 6527 76992 84419 36326 32844 73618 76342 50049 3374 
6745 16
69730 26657 49435 61366 85155 44584 52174 52664 780 42366 35824 69744 47585 88542 60746 62429 
3352 12
60306 86456 86334 16546 8964 94089 61459 94067 6699 51576 88278 70537 
1529 19
53440 9994 12962 41879 41228 72008 87517 6554 25606 65288 51543 77662 79966 42523 34145 87482 38199 41270 4901 
6330 15
95250 73012 5528 2361 30262 28898 27979 10959 58730 16610 78765 80921 27328 5890 52309 
6500 19
41780 73215 20652 99291 45027 4401 72995 23687 53992 18749 64823 78351 9035 96711 73916 98012 11085 2890 25719 
8186 10
45298 75246 78862 75208 38853 80745 54686 20166 66406 4106 
9153 13
91461 15634 90720 16077 33731 2358 12224 34572 22242 30877 18060 81046 89006 
9007 20
5882 84699 83338 95500 35901 92554 80807 29593 20561 44806 20795 14134 43561 12347 59658 4163 14445 60182 80618 81262 
1065 19
95946 9836 50281 28543 39346 59899 88148 36080 33295 76483 9015 54970 73016 56400 93966 87160 78289 77947 91882 
4084 12
47224 41848 37389 7800 28011 684 68634 63578 80992 28414 22613 43610 
2293 14
88376 61567 66863 9744 45466 89524 73439 34447 61028 56425 8227 43317 92725 98604 
2995 18
5274 84242 5441 30414 19577 52134 30202 63121 57138 18246 19261 9318 43436 52146 34544 1247 74081 21413 
363 19
66598 40487 33729 65294 53122 82794 90484 53736 90068 42838 96606 97688 78075 97712 11267 16716 80368 37433 31948 
4246 18
64689 81796 67222 59780 42037 38259 53527 44035 66005 32000 84822 4405 8708 21451 75618 23821 9858 79660 
8828 11
3074 32078 2725 73633 54746 54634 60340 60793 98048 20517 8643 
6594 14
67175 62447 78452 28837 84968 83086 86297 56405 87680 23273 31640 23659 54261 50315 
3414 15
28869 61996 10709 18116 50822 36473 44167 99745 37748 91806 46162 96993 60498 47681 53780 
4486 19
3231 66033 64356 32746 7655 88634 89647 79014 62927 15357 84361 85850 92910 32430 58740 98899 2710 18005 32414 
215 14
53445 85451 73349 91887 80511 58909 94955 75230 57002 99274 66489 66100 89190 57345 
370 17
32555 60985 72080 46210 29325 4267 96575 68900 32684 21353 18799 48966 66522 99380 63098 12080 94177 
2414 11
44723 3831 17574 67102 72821 80871 61711 8296 85993 7645 97573 
6956 20
95428 44889 53783 51478 4121 41029 17917 65207 46911 35034 9618 39583 91610 51266 69003 51299 96357 23222 12022 24652 
5917 20
8769 27251 75324 78933 80670 84627 43678 61071 62847 61491 44745 67427 65539 10382 40222 49539 22198 26981 27465 95004 
7946 10
74419 80630 79434 4421 36736 45497 67998 58690 36226 10678 
4364 15
48440 33386 30905 7404 95358 34216 36672 94136 15208 83347 24242 34699 70129 61301 21995 
3420 11
51528 64815 55407 11895 92850 56510 52101 3386 57729 67460 37876 
1122 16
77572 69606 1885 11343 90466 3419 9959 69073 39662 90599 35032 5258 61361 11366 16524 7037 
854 20
59377 95779 5310 30572 78498 59064 59807 38894 40915 22817 81781 70000 20317 24645 92231 41059 46127 68050 99670 41186 
4106 16
45410 8488 10172 32081 62699 91470 52055 84662 45631 60014 28660 74113 4571 44682 20739 30996 
9724 10
43882 89926 50861 90703 52985 24199 52416 18668 9593 72055 
4684 10
63262 58392 85546 46343 75207 14547 57563 41616 25207 82189 
9726 17
39494 25351 14611 54185 50 81474 97216 887 90017 12833 47767 97996 42702 34124 65068 6513 94382 
5697 20
27942 64853 15736 85458 24566 71978 87279 80194 66684 46771 22237 20694 95299 55750 1121 60488 87577 31031 70873 46481 
6143 10
5386 80557 30869 9630 92125 13865 24134 31317 7701 85209 
1387 14
11485 33690 1750 69293 47004 87865 1764 47755 82649 69901 33853 24782 83555 7146 
1360 13
84443 20601 9139 74506 99570 66993 13682 48303 55306 16401 34939 75510 65475 
6115 19
7852 61183 37543 15175 20120 30659 25374 87223 31377 28690 77082 8724 68866 1292 63246 46716 74708 83165 63877 
2950 17
51902 85026 60688 45889 7142 8942 40220 2368 63046 56749 470 42157 20163 83459 81137 33043 6025 
9959 14
98864 20609 6915 96191 14715 77174 9752 52749 26480 38560 44815 7285 58183 4214 
8338 15
51741 21354 39620 12663 68732 92112 1492 50955 2866 55329 77152 9198 20665 26755 43634 
3809 14
59913 50129 36488 63510 18727 57952 76234 74886 51822 86093 42530 1735 53060 62002 
9773 11
4010 95875 68891 37333 7003 27623 17563 9758 83407 55807 74155 
7727 16
29875 65973 13749 87259 10655 29373 92711 89355 4853 55257 56360 64528 91238 29801 17593 68591 
1049 19
60680 77276 58459 18847 95406 75843 66147 96474 8378 97751 37155 52415 6246 42964 96767 54415 85078 3703 9900 
15 14
83108 12330 29618 21436 2196 17745 59740 8913 81548 34990 23394 97244 17740 1051 
2916 14
23779 63276 29865 8972 14347 16259 1962 92953 19659 2499 87781 83837 51149 89411 
8309 11
87002 46184 66856 32245 79288 70486 38327 42085 30968 57734 98974 
1448 14
52876 61385 45990 88507 92889 88725 97191 46160 14370 95566 45379 91418 53233 89811 
426 11
44266 98210 47318 34598 89569 63707 6427 49744 69733 5242 48728 
8642 19
99333 19957 51920 48531 18130 62339 79253 26421 74503 87733 13987 6597 94145 84091 24376 73628 35326 55907 57282 
3626 18
47103 71871 44095 60051 36207 97070 51156 71046 64512 18769 93140 83171 43673 35013 93048 12872 88247 48568 
2429 20
79520 85520 2292 14546 65499 16390 11092 37185 87863 14625 8951 57579 66504 11679 50104 49180 14201 80317 68148 19201 
3840 15
21985 87178 99721 35383 85873 81718 22963 78316 82945 16075 77180 57288 5334 16237 96164 
8580 18
75412 38210 81463 64737 11114 99132 61599 29915 29500 87049 82671 39339 59259 86452 88493 67873 71742 98908 
6572 12
30560 42542 79617 75962 58485 37887 43279 28378 54443 59309 83249 64810 
2317 15
61382 60074 15438 75328 32673 41224 70890 10806 85883 66434 38890 82056 65696 87402 20878 
4148 14
55540 83557 15851 43422 67569 57102 41458 40062 20686 39748 55818 29142 13890 42985 
9316 16
23358 85069 19434 42636 78016 43322 33100 83085 75727 47249 37623 82906 47309 99852 70147 5807 
401 20
20960 86633 88244 37875 48257 75380 61483 26745 13769 45239 4749 54414 2236 58449 13170 56920 5896 76566 17057 76985 
3267 18
34595 91120 31974 16456 32751 61801 37906 73566 30344 54747 6432 74502 39327 32154 21116 74437 19951 31347 
4051 16
35248 17333 9620 8125 5515 68216 80069 98700 53869 65163 1372 62246 40497 33682 29030 80213 
9429 15
70552 56724 73726 88954 59323 78376 45939 88304 7413 43772 66779 90446 13900 21221 43984 
2260 17
29339 31416 69575 32797 65117 87116 95866 21737 40058 94835 97427 42714 1867 43072 49470 53854 93385 
8419 15
54900 81425 97499 74227 98984 55440 19745 33623 25460 32676 11972 33156 25113 91336 74516 
1104 15
69450 62150 91881 77783 92947 71384 3022 3806 94172 17348 41195 49627 47255 58287 55890 
5142 12
98935 38870 84764 94091 25283 94670 56963 72353 21438 72067 85622 89850 
3761 20
18111 95687 89142 88316 55714 68646 69288 6914 68579 55676 39340 97569 58738 36152 9296 41286 63048 32960 51684 11607 
4215 17
72899 9327 80542 71012 97864 99574 23126 64071 67456 89433 12790 25445 4969 46303 18783 21730 2736 
3454 19
68136 55062 65778 9148 19732 34871 84783 65362 65984 65309 31384 79703 7321 4898 19304 32422 52330 98346 61351 
2402 11
32211 17679 56326 26911 27663 12370 47570 35838 22988 92810 2946 
8523 15
18658 44307 14552 60628 31887 38859 78475 38913 63071 90863 67090 95623 6143 73506 55109 
3313 19
12670 15393 54001 13500 86764 29372 97791 76838 27145 61534 16056 69247 55400 27001 21240 78315 39101 29810 15087 
3993 15
43520 90129 50285 60365 80554 22861 4313 57768 89549 63237 92861 21837 58199 56292 47019 
7088 20
23859 42986 45307 97301 4075 85703 58188 42899 10166 8631 29514 57061 67545 24928 21222 27839 75544 27637 8412 94375 
5654 18
94010 8560 10907 3565 87670 80070 42559 59164 83268 89846 26456 13720 26060 3479 47669 49319 55252 58774 
42 15
65467 4919 10211 29654 72038 8725 64401 83940 93173 27005 37126 5504 75467 75269 89954 
7586 17
9314 18042 27049 46510 95048 34950 65559 79780 73573 27731 8613 72084 49041 79659 13396 80378 84757 
2611 19
70329 2252 55573 46689 71017 75980 20784 42207 29626 52184 35787 30014 2013 57813 85641 97483 29310 20379 72537 
8876 12
17359 22160 18218 22853 64164 42385 22307 58226 68047 9214 14071 39515 
3536 11
25393 30838 82930 63716 78188 7099 2153 91468 94519 26612 84469 
5767 13
94611 49779 93394 88407 72635 83394 5930 57469 49950 67482 52470 96643 31307 
5352 19
2614 4535 59355 66857 34744 78988 97559 55325 2262 68770 90614 25045 5795 21095 59949 98738 17964 41030 88351 
7479 18
85975 23657 87337 72613 48569 37020 73378 40981 84395 23819 2043 35496 66338 99231 65444 18725 70357 14401 
2250 15
70257 84817 95542 3737 3417 54812 52198 87037 19243 46943 14779 68845 87671 10297 38008 
8982 16
60915 89082 80064 79323 39197 86490 87726 64244 76643 20310 61247 47826 22153 5325 66278 59681 
3771 15
84474 17287 36790 890 82940 61793 68262 88728 76040 91814 52795 29084 37818 50067 25515 
8933 17
51725 96832 7347 56987 24853 55138 80083 12602 13356 81761 28327 13688 88991 15618 83958 72257 89813 
9315 10
32713 85557 6 915 2485 66798 45363 96890 57019 13578 
4241 19
66206 16678 5812 72229 23074 69432 64581 94093 39604 32512 87208 62174 80956 11817 28901 63342 22983 57750 65406 
7555 11
31057 62262 93960 28735 33388 49271 98853 34991 9913 59433 80645 
274 18
25880 61834 78870 39445 78607 60929 93847 32735 68208 44588 16922 63867 85834 20047 97174 41942 76837 11253 
7871 18
1513 42478 87464 13896 50662 26575 58297 98450 21349 25031 20931 5990 58400 47906 61404 48620 68848 3498 
835 10
41540 1114 80918 47344 52667 50444 17674 37860 91543 48122 
3167 12
12102 38722 62826 53198 50490 46728 65740 45937 87752 54201 24472 16768 
6017 19
99549 36596 44017 99079 90217 96869 97607 90235 76080 13927 908 23138 46107 24947 76518 27909 80407 81823 47062 
3128 14
20388 88021 66658 67480 60198 50377 45471 36617 45531 96054 40186 67020 81527 25896 
